42
102
1 2 211
1 5 246
1 14 99
1 23 71
1 29 120
1 35 76
1 41 175
2 5 125
2 23 179
2 38 54
3 8 137
3 17 79
3 31 71
3 35 155
3 37 157
3 41 61
4 16 153	
4 22 138
4 30 61
4 40 100
4 42 105
5 14 152
5 33 134
5 34 115
6 14 110
6 27 146
6 29 91
6 36 192
7 25 109
7 36 43
8 11 180
8 16 35
8 17 124
8 22 101
8 29 170
8 32 108
8 35 141
9 11 104
9 15 173
9 19 22
9 24 96
9 39 95
9 42 90
10 26 21
11 16 155
11 24 92
11 32 70
11 42 72
12 21 225
12 23 157
12 28 159
12 38 97
13 15 144
13 20 189
13 24 45
13 26 155
14 27 148
14 29 111
14 34 194
15 24 138
15 39 125
16 22 68
16 42 155
17 20 166
17 26 63
17 32 49
17 37 138
18 21 108
18 28 111
18 31 50
18 41 126
19 39 83
19 40 161
19 42 88
20 26 88
20 37 68
21 23 145
21 28 96
21 41 113
22 29 148
22 30 138
22 36 235
23 38 149
23 41 228
24 26 175
24 32 188
25 30 129
25 36 145
25 40 66
26 32 54
27 33 68
27 34 86
27 36 338
29 35 115
29 36 282
30 36 100
30 40 131
31 37 104	
31 41 88
33 34 90	
35 41 97
40 42 137



Legenda:

1. Alba Iulia: 14, 29, 35, 41, 23, 2, 5
2. Arad: 5, 1, 23, 38
3. Pitesti: 35, 8, 17, 37, 31, 41
4. Bacau: 30, 40, 42, 16, 22
5. Oradea: 33, 34, 14, 1, 2
6. Bistrita: 29, 27, 14, 36
7. Botosani: 36, 25
8. Brasov: 29, 22, 16, 11, 32, 17, 3, 35
9. Braila: 19, 39, 15, 24, 11, 42
10. Bucuresti: 26
11. Buzau: 16, 42, 9, 24, 32, 8
12. Resita: 38, 23, 21, 28
13. Calarasi: 26, 20, 24, 15
14. Cluj-Napoca: 5, 34, 27, 6, 29, 1
15. Constanta: 13, 24, 9, 39
16. Sfantu Gheorghe: 22, 4, 42, 11, 8
17. Targoviste: 8, 32, 26, 20, 37, 3
18. Craiova: 28, 21, 41, 31
19. Galati: 40, 42, 9, 39
20. Giurgiu: 37, 17, 26, 13
21. Targu Jiu: 12, 23, 41, 18, 28
22. Miercurea Ciuc: 29, 36, 30, 4, 16, 8
23. Deva: 38, 2, 1, 41, 21, 12
24. Slobozia: 32, 11, 9, 15, 13, 26
25. Iasi: 7, 36, 30, 40
26. Buftea: 10, 17, 32, 24, 13, 20
27. Baia Mare: 33, 34, 14, 6, 36
28. Drobeta-Turnu Severin: 12, 21, 18
29. Targu Mures: 14, 6, 36, 22, 8, 35, 1
30. Piatra Neamt: 36, 25, 40, 4, 22
31. Slatina: 18, 41, 3, 37
32. Ploiesti: 17, 8, 11, 24, 26
33. Satu Mare: 5, 34, 27
34. Zalau: 5, 33, 27, 14
35. Sibiu: 1, 29, 8, 3, 41
36. Suceava: 27, 6, 29, 22, 30, 25, 7
37. Alexandria: 31, 3, 17, 20
38. Timisoara: 2, 23, 12
39. Tulcea: 19, 9, 15
40. Vaslui: 25, 4, 30, 42, 19
41. Ramnicu Valcea: 23, 21, 18, 31, 3, 35, 1
42. Focsani: 4, 16, 11, 9, 19, 40